1.4486543682787263
1.4486543682787263
1.4486543682787263
1.4486543682787263
1.4486543682787263
1.4486543682787263
1.4486543682787263
9.209430601182174
0.39616128244237486
-0.12035087347568768
0.39616128244237486
9.209430601182174
1.4486543682787263
1.4486543682787263
1.4486543682787263
1.4486543682787263
1.4486543682787263
1.4486543682787263
1.4486543682787263
-0.21367342138725715
1.4486543682787263
1.4486543682787263
1.4486543682787263
1.4486543682787263
1.4486543682787263
1.4486543682787263
1.4486543682787263
9.209430601182174
0.39616128244237486
-0.12035087347568768
0.39616128244237486
9.209430601182174
1.4486543682787263
1.4486543682787263
1.4486543682787263
1.4486543682787263
1.4486543682787263
1.4486543682787263
1.4486543682787263
-0.21367342138725715